0.01026204 0.00019706 0.00183761 0.00191151 0.00000985 0.00066016 0.00176864 0.00001971 0.00039413 0.00002956 0.00158143 0.00507437 0.00180805 0.01141979 0.00000000 0.00095083 0.00000000 0.00810913 0.00278844 0.00620255 0.00165533 0.00010346 0.00003941 0.00017736 0.00009360 0.00078825 0.00073406
0.00073406 0.00035964 0.00000000 0.00000493 0.00463098 0.00000000 0.00000000 0.00000000 0.00121194 0.00000493 0.00000000 0.00120208 0.00000000 0.00000493 0.00120701 0.00000000 0.00000000 0.00082274 0.00000985 0.00016258 0.00061582 0.00000000 0.00000000 0.00011331 0.00000000 0.00027589 0.00023648
0.00031037 0.00000000 0.00014287 0.00000000 0.00050251 0.00000000 0.00000000 0.00703514 0.00022662 0.00000000 0.00056656 0.00012809 0.00000000 0.00000000 0.00079318 0.00000000 0.00000000 0.00009853 0.00000000 0.00082766 0.00012316 0.00000000 0.00000000 0.00000000 0.00000000 0.00017736 0.00022662
0.00534040 0.00001971 0.00000000 0.00060597 0.02012011 0.00000000 0.00002463 0.00007390 0.00436494 0.00004927 0.00001971 0.00005912 0.00000000 0.00000000 0.00205931 0.00001478 0.00000000 0.00083259 0.00047788 0.00016258 0.00058134 0.00026111 0.00000000 0.00000493 0.00011331 0.00581828 0.00234012
0.00028574 0.00139422 0.00163562 0.00331065 0.01333130 0.00083259 0.00267513 0.00067001 0.00333529 0.00002956 0.00197063 0.00889738 0.00261108 0.03825481 0.00001971 0.00151738 0.00005419 0.01720358 0.00408905 0.00928658 0.00111833 0.00065031 0.00011824 0.00002956 0.00111340 0.02505161 0.00647351
0.00010346 0.00000493 0.00000000 0.00062075 0.00037935 0.00026111 0.00009360 0.00001971 0.00020199 0.00001971 0.00000493 0.00018721 0.00000000 0.00000985 0.00052714 0.00000000 0.00000000 0.00022170 0.00016750 0.00039905 0.00014287 0.00001478 0.00000000 0.00000985 0.00000493 0.00201989 0.00038427
0.00084737 0.00001971 0.00000000 0.00052222 0.01236076 0.00000000 0.00028574 0.00025126 0.00073899 0.00001478 0.00006897 0.00021677 0.00003449 0.00002463 0.00067494 0.00000493 0.00000000 0.00134003 0.00038920 0.00018228 0.00058626 0.00000985 0.00000000 0.00000985 0.00011331 0.00480833 0.00177357
0.00289682 0.00000985 0.00000000 0.00000000 0.00891709 0.00000000 0.00000000 0.00000493 0.00446840 0.00003941 0.00000493 0.00000000 0.00000000 0.00000000 0.00270469 0.00000000 0.00000000 0.00025618 0.00001478 0.00293131 0.00098039 0.00000000 0.00000000 0.00005419 0.00005419 0.00149275 0.00034979
0.00019214 0.00022662 0.00234997 0.00165533 0.01030146 0.00021184 0.00284756 0.00000493 0.00002463 0.01124243 0.00271947 0.00173908 0.00034979 0.00770515 0.00070450 0.00023648 0.00000000 0.00008375 0.00269483 0.00318749 0.00002463 0.00000493 0.00000493 0.00000000 0.00005419 0.00097053 0.00060104
0.00041383 0.00000000 0.00000000 0.00057148 0.00311359 0.00017243 0.00017243 0.00001971 0.00012809 0.00000000 0.00189673 0.00015272 0.00000493 0.00295594 0.00073406 0.00007883 0.00000000 0.00000000 0.00009360 0.00012316 0.00024140 0.00000985 0.00000000 0.00000000 0.00017243 0.00389199 0.00089664
0.00091634 0.00013794 0.00000000 0.00004434 0.00376390 0.00000000 0.00001478 0.00006897 0.00178342 0.00007883 0.00101980 0.00080303 0.00000493 0.00023155 0.00162577 0.00001478 0.00000000 0.00045817 0.00052222 0.00093605 0.00043846 0.00057641 0.00000000 0.00000000 0.00002956 0.00521231 0.00149275
0.00302984 0.00004434 0.00003449 0.00202975 0.00553746 0.00033501 0.00035964 0.00003449 0.00475907 0.00000985 0.00051729 0.00284263 0.00012809 0.00000000 0.00166025 0.00015765 0.00000000 0.00000493 0.00165040 0.00060104 0.00165533 0.00001478 0.00000000 0.00015765 0.00004434 0.00475907 0.00134495
0.00441421 0.00004434 0.00000000 0.00033501 0.00600056 0.00000985 0.00003449 0.00004927 0.00147797 0.00000493 0.00001971 0.00003941 0.00028574 0.00001971 0.00149768 0.00035471 0.00000000 0.00000493 0.00024140 0.00018228 0.00019214 0.00001971 0.00000000 0.00000000 0.00003449 0.00278844 0.00068972
0.00262586 0.00091142 0.00019214 0.00665580 0.00359147 0.00008375 0.00476892 0.00020692 0.00353235 0.00001478 0.00101980 0.00030545 0.00019214 0.00102473 0.00178834 0.00006897 0.00000000 0.00005419 0.00215291 0.00168981 0.00073406 0.00013794 0.00000000 0.00023155 0.00015272 0.03449584 0.01064139
0.00011331 0.00015765 0.00072421 0.00062567 0.00501032 0.00192136 0.00192629 0.00000493 0.00040891 0.00044832 0.00101487 0.00123657 0.00259630 0.00682823 0.00989748 0.00371956 0.00000000 0.00642425 0.00050251 0.00176864 0.00291653 0.00014287 0.00000000 0.00020199 0.00006405 0.00123657 0.00154694
0.00228593 0.00002463 0.00000000 0.00000985 0.00221696 0.00000000 0.00016258 0.00014287 0.00033008 0.00005419 0.00001971 0.00086215 0.00005419 0.00001971 0.00040398 0.00061582 0.00000000 0.00157158 0.00013302 0.00037935 0.00035964 0.00000985 0.00000000 0.00014287 0.00000985 0.00317271 0.00073899
0.00000000 0.00000000 0.00000000 0.00000000 0.00000000 0.00000000 0.00000000 0.00000000 0.00000000 0.00000000 0.00000000 0.00000000 0.00000000 0.00000000 0.00000000 0.00000000 0.00000000 0.00000000 0.00000000 0.00000000 0.00005419 0.00000000 0.00000000 0.00000000 0.00000000 0.00000000 0.00000000
0.00326632 0.00040891 0.00009853 0.00315300 0.00583306 0.00013302 0.00141393 0.00030545 0.00256182 0.00000493 0.00183268 0.00079318 0.00092127 0.00035471 0.00445362 0.00039905 0.00000000 0.00021184 0.00219232 0.00150260 0.00080303 0.00049758 0.00000000 0.00011331 0.00028574 0.01092220 0.00269483
0.00021184 0.00009853 0.00264064 0.00008868 0.00096561 0.00000493 0.00006897 0.00008868 0.00031037 0.00012809 0.00011331 0.00086215 0.00011331 0.00010346 0.00054192 0.00108877 0.00000000 0.00000493 0.00075869 0.00726176 0.00014780 0.00007390 0.00000000 0.00002956 0.00001478 0.00926195 0.00263079
0.00132032 0.00013794 0.00000000 0.00011331 0.01199620 0.00000000 0.00021677 0.00179820 0.00305447 0.00048773 0.00001971 0.00005912 0.00035964 0.00003449 0.00335007 0.00003449 0.00000000 0.00221696 0.00127105 0.00085722 0.00075869 0.00049266 0.00000493 0.00012809 0.00010838 0.01735630 0.00360625
0.00003449 0.00027096 0.00035471 0.00083259 0.00002463 0.00008375 0.00038920 0.00000000 0.00292146 0.00000493 0.00070943 0.00212828 0.00011824 0.00127598 0.00000000 0.00007883 0.00000000 0.00161099 0.00153216 0.00103458 0.00052222 0.00120701 0.00000000 0.00000000 0.00010346 0.00170459 0.00035471
0.00589710 0.00000985 0.00000000 0.00010838 0.00430582 0.00000000 0.00000000 0.00009853 0.00182283 0.00000000 0.00002463 0.00000985 0.00000000 0.00007390 0.00170952 0.00000000 0.00000000 0.00010346 0.00006405 0.00001478 0.00000985 0.00009853 0.00000000 0.00000000 0.00000000 0.00051729 0.00023648
0.00000000 0.00000000 0.00002463 0.00000000 0.00002956 0.00000000 0.00000000 0.00000000 0.00001478 0.00000000 0.00000000 0.00000000 0.00000000 0.00000000 0.00000000 0.00004434 0.00000000 0.00000000 0.00000000 0.00001971 0.00000000 0.00000000 0.00000000 0.00000000 0.00000000 0.00002956 0.00000493
0.00002463 0.00015272 0.00000000 0.00000000 0.00002463 0.00000000 0.00000000 0.00000000 0.00009853 0.00000000 0.00000493 0.00002463 0.00002956 0.00000493 0.00040398 0.00000985 0.00000000 0.00007390 0.00003449 0.00000985 0.00000000 0.00000493 0.00000000 0.00000000 0.00000000 0.00072421 0.00016258
0.00155187 0.00000000 0.00000000 0.00000000 0.00405949 0.00000000 0.00000000 0.00000000 0.00432060 0.00000000 0.00000000 0.00000000 0.00000000 0.00000000 0.00227115 0.00000000 0.00000000 0.00000000 0.00000000 0.00000000 0.00043846 0.00040398 0.00000000 0.00000000 0.00000000 0.00000000 0.00023648
0.00670999 0.00632572 0.00096561 0.01762727 0.01201098 0.00092127 0.00706963 0.01286820 0.00571482 0.00278351 0.00442406 0.00319242 0.00804509 0.00535025 0.00806972 0.00361118 0.00000000 0.00215784 0.00495613 0.00758692 0.00175879 0.00922746 0.00000000 0.00036949 0.00963637 0.01068573 0.01472059
0.00428119 0.00008375 0.00004434 0.00075869 0.00607446 0.00009360 0.00021677 0.00031530 0.00156665 0.00024633 0.00024140 0.00058134 0.00030052 0.00101980 0.00358654 0.00008868 0.00000000 0.00104936 0.00035471 0.00163562 0.00032023 0.00044339 0.00000000 0.00000493 0.00023648 0.01809036 0.01535612
