0.00001846 0.00096012 0.00241876 0.00308346 0.00000000 0.00035081 0.00086780 0.00022157 0.00483752 0.00001846 0.00083087 0.00369276 0.00260340 0.01117061 0.00000000 0.00127400 0.00000000 0.00579764 0.00522526 0.00710857 0.00033235 0.00073855 0.00003693 0.00206795 0.00007386 0.00465288 0.00168021
0.00075702 0.00011078 0.00000000 0.00000000 0.00420975 0.00001846 0.00000000 0.00000000 0.00066470 0.00001846 0.00000000 0.00127400 0.00000000 0.00000000 0.00127400 0.00000000 0.00000000 0.00048006 0.00001846 0.00001846 0.00171713 0.00000000 0.00000000 0.00024003 0.00000000 0.00012925 0.00007386
0.00204948 0.00000000 0.00012925 0.00000000 0.00241876 0.00000000 0.00000000 0.00240030 0.00044313 0.00000000 0.00186484 0.00212334 0.00000000 0.00000000 0.00396972 0.00000000 0.00000000 0.00096012 0.00000000 0.00108936 0.00029542 0.00000000 0.00000000 0.00001846 0.00000000 0.00018464 0.00011078
0.00051699 0.00000000 0.00003693 0.00022157 0.00354505 0.00001846 0.00003693 0.00000000 0.00232644 0.00000000 0.00000000 0.00025849 0.00003693 0.00094165 0.00328656 0.00000000 0.00000000 0.00035081 0.00079394 0.00000000 0.00035081 0.00001846 0.00000000 0.00005539 0.00000000 0.02064254 0.00374815
0.00494830 0.00011078 0.00156942 0.00814254 0.00234490 0.00099705 0.00049852 0.00012925 0.00072009 0.00000000 0.00003693 0.00304653 0.00223412 0.00635155 0.00042467 0.00073855 0.00011078 0.01122600 0.00468981 0.00312038 0.00000000 0.00090473 0.00073855 0.00216027 0.00000000 0.02802806 0.00771787
0.00083087 0.00000000 0.00000000 0.00000000 0.00088626 0.00070162 0.00000000 0.00000000 0.00184638 0.00000000 0.00000000 0.00036928 0.00000000 0.00000000 0.00271418 0.00000000 0.00000000 0.00084934 0.00000000 0.00066470 0.00064623 0.00000000 0.00000000 0.00001846 0.00000000 0.00518833 0.00038774
0.00077548 0.00000000 0.00000000 0.00000000 0.00201256 0.00001846 0.00029542 0.00269572 0.00053545 0.00000000 0.00000000 0.00035081 0.00000000 0.00007386 0.00188331 0.00000000 0.00000000 0.00262186 0.00027696 0.00001846 0.00079394 0.00000000 0.00000000 0.00001846 0.00000000 0.00528065 0.00121861
0.00753323 0.00007386 0.00000000 0.00000000 0.01947932 0.00000000 0.00000000 0.00000000 0.00614845 0.00000000 0.00000000 0.00003693 0.00007386 0.00000000 0.00252954 0.00000000 0.00001846 0.00084934 0.00007386 0.00173560 0.00072009 0.00000000 0.00000000 0.00012925 0.00000000 0.00306499 0.00099705
0.00046160 0.00031388 0.00182792 0.00433900 0.00199409 0.00116322 0.00219719 0.00000000 0.00000000 0.00000000 0.00107090 0.00212334 0.00155096 0.01377400 0.00153250 0.00101551 0.00000000 0.00332349 0.00369276 0.00788405 0.00000000 0.00000000 0.00007386 0.00000000 0.00024003 0.00587149 0.00110783
0.00014771 0.00000000 0.00000000 0.00000000 0.00059084 0.00000000 0.00000000 0.00000000 0.00000000 0.00000000 0.00000000 0.00000000 0.00000000 0.00000000 0.00012925 0.00000000 0.00000000 0.00000000 0.00000000 0.00000000 0.00107090 0.00000000 0.00000000 0.00000000 0.00000000 0.00000000 0.00000000
0.00059084 0.00000000 0.00000000 0.00000000 0.00271418 0.00000000 0.00000000 0.00001846 0.00144018 0.00000000 0.00000000 0.00011078 0.00000000 0.00072009 0.00001846 0.00000000 0.00000000 0.00000000 0.00053545 0.00000000 0.00001846 0.00000000 0.00000000 0.00014771 0.00000000 0.00199409 0.00053545
0.00398818 0.00001846 0.00001846 0.00334195 0.00478213 0.00049852 0.00000000 0.00000000 0.00350812 0.00000000 0.00033235 0.00432053 0.00053545 0.00000000 0.00262186 0.00012925 0.00000000 0.00003693 0.00046160 0.00040620 0.00029542 0.00003693 0.00000000 0.00286189 0.00000000 0.00363737 0.00094165
0.00221566 0.00051699 0.00000000 0.00000000 0.00605613 0.00005539 0.00000000 0.00000000 0.00212334 0.00000000 0.00000000 0.00003693 0.00038774 0.00009232 0.00160635 0.00219719 0.00000000 0.00000000 0.00029542 0.00000000 0.00048006 0.00000000 0.00000000 0.00168021 0.00000000 0.00179099 0.00118168
0.00072009 0.00011078 0.00088626 0.00888109 0.00439439 0.00016617 0.00686854 0.00000000 0.00129247 0.00005539 0.00072009 0.00057238 0.00022157 0.00066470 0.00358198 0.00003693 0.00000000 0.00001846 0.00127400 0.00341581 0.00035081 0.00001846 0.00001846 0.00138479 0.00000000 0.00997046 0.00452363
0.00036928 0.00027696 0.00068316 0.00086780 0.00014771 0.00417282 0.00014771 0.00007386 0.00138479 0.00011078 0.00140325 0.00153250 0.00372969 0.00782866 0.00278804 0.00107090 0.00003693 0.00579764 0.00149557 0.00265879 0.01128139 0.00288035 0.00001846 0.00011078 0.00011078 0.00729321 0.00203102
0.00103397 0.00000000 0.00000000 0.00001846 0.00201256 0.00000000 0.00000000 0.00009232 0.00081241 0.00000000 0.00000000 0.00186484 0.00003693 0.00000000 0.00153250 0.00088626 0.00000000 0.00112629 0.00186484 0.00022157 0.00029542 0.00000000 0.00000000 0.00014771 0.00000000 0.00145864 0.00075702
0.00000000 0.00000000 0.00000000 0.00000000 0.00000000 0.00000000 0.00000000 0.00000000 0.00000000 0.00000000 0.00000000 0.00000000 0.00000000 0.00000000 0.00000000 0.00000000 0.00000000 0.00000000 0.00000000 0.00000000 0.00053545 0.00000000 0.00000000 0.00000000 0.00000000 0.00000000 0.00000000
0.00389586 0.00012925 0.00046160 0.00125554 0.00908419 0.00018464 0.00055391 0.00001846 0.00295421 0.00000000 0.00055391 0.00029542 0.00044313 0.00084934 0.00400665 0.00016617 0.00000000 0.00107090 0.00193870 0.00164328 0.00099705 0.00009232 0.00000000 0.00153250 0.00000000 0.00941654 0.00230798
0.00241876 0.00000000 0.00049852 0.00000000 0.00439439 0.00003693 0.00000000 0.00228951 0.00264032 0.00000000 0.00036928 0.00040620 0.00044313 0.00042467 0.00228951 0.00088626 0.00011078 0.00000000 0.00134786 0.00622230 0.00121861 0.00024003 0.00000000 0.00033235 0.00000000 0.01310931 0.00456056
0.00193870 0.00000000 0.00031388 0.00000000 0.00598227 0.00001846 0.00000000 0.02295052 0.00330502 0.00000000 0.00000000 0.00108936 0.00005539 0.00001846 0.00651773 0.00000000 0.00000000 0.00158789 0.00112629 0.00147710 0.00084934 0.00077548 0.00000000 0.00077548 0.00000000 0.01857459 0.00467134
0.00027696 0.00036928 0.00060931 0.00025849 0.00042467 0.00005539 0.00118168 0.00011078 0.00070162 0.00000000 0.00000000 0.00288035 0.00059084 0.00289882 0.00001846 0.00134786 0.00000000 0.00339734 0.00365583 0.00382201 0.00001846 0.00000000 0.00000000 0.00016617 0.00000000 0.00188331 0.00060931
0.00450517 0.00000000 0.00000000 0.00009232 0.00485598 0.00005539 0.00000000 0.00258493 0.00227105 0.00000000 0.00003693 0.00022157 0.00000000 0.00068316 0.00212334 0.00000000 0.00000000 0.00016617 0.00009232 0.00000000 0.00001846 0.00000000 0.00000000 0.00000000 0.00000000 0.00186484 0.00088626
0.00016617 0.00000000 0.00007386 0.00000000 0.00005539 0.00000000 0.00000000 0.00000000 0.00011078 0.00000000 0.00000000 0.00000000 0.00000000 0.00000000 0.00000000 0.00020310 0.00000000 0.00000000 0.00000000 0.00018464 0.00000000 0.00000000 0.00000000 0.00000000 0.00000000 0.00005539 0.00005539
0.00011078 0.00024003 0.00001846 0.00000000 0.00057238 0.00000000 0.00000000 0.00001846 0.00040620 0.00000000 0.00000000 0.00000000 0.00001846 0.00000000 0.00313885 0.00009232 0.00000000 0.00009232 0.00053545 0.00038774 0.00000000 0.00011078 0.00001846 0.00000000 0.00000000 0.00817947 0.00343427
0.00000000 0.00000000 0.00000000 0.00000000 0.00027696 0.00000000 0.00000000 0.00000000 0.00007386 0.00000000 0.00000000 0.00000000 0.00000000 0.00000000 0.00007386 0.00000000 0.00000000 0.00000000 0.00000000 0.00000000 0.00000000 0.00000000 0.00000000 0.00005539 0.00000000 0.00000000 0.00000000
0.01931315 0.00755170 0.00799483 0.00590842 0.00310192 0.00629616 0.00566839 0.00925037 0.01251846 0.00155096 0.00153250 0.00529911 0.00723781 0.00341581 0.01141064 0.00387740 0.00025849 0.00361891 0.01251846 0.02649557 0.00286189 0.01373708 0.00000000 0.00302806 0.00005539 0.00000000 0.00378508
0.00035081 0.00018464 0.00018464 0.00081241 0.00459749 0.00024003 0.00018464 0.00051699 0.00127400 0.00018464 0.00009232 0.00084934 0.00044313 0.00022157 0.00073855 0.00020310 0.00000000 0.00049852 0.00217873 0.00300960 0.00012925 0.00083087 0.00000000 0.00048006 0.00000000 0.02601551 0.01316470
