0.00000000 0.00190594 0.00127062 0.00292628 0.00000000 0.00051980 0.00100110 0.00023102 0.00460120 0.00009626 0.00086633 0.00746973 0.00161716 0.01139711 0.00001925 0.00055830 0.00000000 0.00581407 0.00708469 0.00831681 0.00040429 0.00057756 0.00000000 0.00161716 0.00000000 0.00510175 0.00177117
0.00053905 0.00082783 0.00000000 0.00000000 0.00273377 0.00000000 0.00000000 0.00000000 0.00117436 0.00003850 0.00000000 0.00109736 0.00001925 0.00000000 0.00142464 0.00000000 0.00000000 0.00050055 0.00001925 0.00003850 0.00109736 0.00000000 0.00000000 0.00061606 0.00000000 0.00001925 0.00000000
0.00265676 0.00000000 0.00009626 0.00000000 0.00579481 0.00000000 0.00000000 0.00302254 0.00011551 0.00000000 0.00109736 0.00026953 0.00000000 0.00000000 0.00231022 0.00000000 0.00000000 0.00115511 0.00000000 0.00053905 0.00080858 0.00000000 0.00000000 0.00001925 0.00000000 0.00005776 0.00001925
0.00032728 0.00000000 0.00000000 0.00061606 0.00348459 0.00003850 0.00030803 0.00000000 0.00138613 0.00001925 0.00000000 0.00050055 0.00000000 0.00017327 0.00336908 0.00000000 0.00000000 0.00063531 0.00071232 0.00000000 0.00050055 0.00001925 0.00000000 0.00025027 0.00000000 0.01875132 0.00398514
0.00531352 0.00015401 0.00077007 0.00671890 0.00329207 0.00050055 0.00073157 0.00019252 0.00057756 0.00000000 0.00005776 0.00300329 0.00169416 0.00700768 0.00023102 0.00082783 0.00000000 0.01239821 0.00435092 0.00269526 0.00000000 0.00023102 0.00059681 0.00138613 0.00011551 0.03290145 0.01116609
0.00088559 0.00000000 0.00000000 0.00000000 0.00102035 0.00088559 0.00000000 0.00000000 0.00119362 0.00000000 0.00000000 0.00030803 0.00000000 0.00000000 0.00234873 0.00000000 0.00000000 0.00080858 0.00000000 0.00057756 0.00059681 0.00000000 0.00000000 0.00001925 0.00000000 0.00504399 0.00113586
0.00157865 0.00000000 0.00000000 0.00000000 0.00231022 0.00000000 0.00017327 0.00207920 0.00046204 0.00000000 0.00000000 0.00061606 0.00000000 0.00009626 0.00155940 0.00000000 0.00000000 0.00117436 0.00036579 0.00001925 0.00019252 0.00000000 0.00000000 0.00000000 0.00001925 0.00546753 0.00190594
0.00700768 0.00003850 0.00000000 0.00000000 0.02845427 0.00000000 0.00000000 0.00000000 0.00506324 0.00000000 0.00000000 0.00000000 0.00005776 0.00000000 0.00356160 0.00000000 0.00000000 0.00071232 0.00000000 0.00138613 0.00059681 0.00000000 0.00000000 0.00030803 0.00000000 0.00311880 0.00148239
0.00030803 0.00015401 0.00494773 0.00437017 0.00128988 0.00077007 0.00154015 0.00000000 0.00011551 0.00000000 0.00071232 0.00227172 0.00128988 0.01474693 0.00169416 0.00015401 0.00000000 0.00165566 0.00386963 0.00947192 0.00000000 0.00000000 0.00003850 0.00000000 0.00032728 0.00225247 0.00167491
0.00005776 0.00000000 0.00000000 0.00000000 0.00017327 0.00000000 0.00000000 0.00000000 0.00000000 0.00000000 0.00000000 0.00000000 0.00000000 0.00000000 0.00003850 0.00000000 0.00000000 0.00000000 0.00000000 0.00000000 0.00078933 0.00000000 0.00000000 0.00000000 0.00000000 0.00000000 0.00000000
0.00009626 0.00000000 0.00000000 0.00000000 0.00300329 0.00000000 0.00000000 0.00000000 0.00163641 0.00000000 0.00000000 0.00001925 0.00000000 0.00073157 0.00000000 0.00000000 0.00000000 0.00000000 0.00007701 0.00000000 0.00001925 0.00000000 0.00000000 0.00007701 0.00000000 0.00179042 0.00057756
0.00254125 0.00001925 0.00000000 0.00184818 0.00546753 0.00103960 0.00001925 0.00000000 0.00656489 0.00000000 0.00046204 0.00535202 0.00001925 0.00000000 0.00252200 0.00005776 0.00000000 0.00001925 0.00025027 0.00030803 0.00061606 0.00003850 0.00000000 0.00284928 0.00000000 0.00356160 0.00119362
0.00204070 0.00042354 0.00000000 0.00000000 0.00448569 0.00005776 0.00000000 0.00000000 0.00123212 0.00000000 0.00000000 0.00000000 0.00013476 0.00017327 0.00204070 0.00051980 0.00000000 0.00000000 0.00025027 0.00000000 0.00071232 0.00000000 0.00000000 0.00044279 0.00000000 0.00157865 0.00084708
0.00073157 0.00003850 0.00107810 0.00987621 0.00379262 0.00015401 0.00795102 0.00000000 0.00109736 0.00000000 0.00073157 0.00063531 0.00000000 0.00036579 0.00338833 0.00001925 0.00007701 0.00001925 0.00092409 0.00311880 0.00032728 0.00001925 0.00009626 0.00055830 0.00000000 0.01033826 0.00465895
0.00013476 0.00003850 0.00032728 0.00071232 0.00017327 0.00475521 0.00036579 0.00034653 0.00098185 0.00003850 0.00163641 0.00125137 0.00234873 0.00727721 0.00386963 0.00092409 0.00019252 0.00469746 0.00090484 0.00302254 0.00981845 0.00411990 0.00013476 0.00001925 0.00001925 0.00768150 0.00205995
0.00113586 0.00003850 0.00000000 0.00000000 0.00200219 0.00000000 0.00000000 0.00001925 0.00105885 0.00000000 0.00000000 0.00119362 0.00000000 0.00000000 0.00123212 0.00067382 0.00000000 0.00067382 0.00017327 0.00023102 0.00030803 0.00000000 0.00000000 0.00003850 0.00000000 0.00125137 0.00025027
0.00000000 0.00000000 0.00000000 0.00000000 0.00000000 0.00000000 0.00000000 0.00000000 0.00000000 0.00000000 0.00000000 0.00000000 0.00000000 0.00000000 0.00000000 0.00000000 0.00000000 0.00000000 0.00000000 0.00000000 0.00163641 0.00000000 0.00000000 0.00000000 0.00000000 0.00000000 0.00000000
0.00283003 0.00001925 0.00038504 0.00144389 0.00756599 0.00001925 0.00071232 0.00005776 0.00261825 0.00000000 0.00042354 0.00028878 0.00050055 0.00061606 0.00338833 0.00067382 0.00000000 0.00063531 0.00229097 0.00127062 0.00042354 0.00003850 0.00000000 0.00205995 0.00000000 0.00770075 0.00369636
0.00408140 0.00000000 0.00026953 0.00000000 0.00542903 0.00000000 0.00000000 0.00683441 0.00179042 0.00000000 0.00026953 0.00042354 0.00025027 0.00025027 0.00246424 0.00044279 0.00001925 0.00000000 0.00167491 0.00483222 0.00105885 0.00025027 0.00000000 0.00005776 0.00000000 0.01182065 0.00475521
0.00194444 0.00000000 0.00034653 0.00000000 0.00488998 0.00003850 0.00000000 0.02439212 0.00363860 0.00000000 0.00000000 0.00186743 0.00015401 0.00015401 0.00693067 0.00000000 0.00000000 0.00161716 0.00132838 0.00250274 0.00084708 0.00040429 0.00000000 0.00044279 0.00000000 0.01715342 0.00581407
0.00013476 0.00021177 0.00130913 0.00048130 0.00123212 0.00001925 0.00092409 0.00000000 0.00051980 0.00000000 0.00000000 0.00173267 0.00034653 0.00175192 0.00000000 0.00138613 0.00000000 0.00300329 0.00346534 0.00379262 0.00000000 0.00000000 0.00000000 0.00000000 0.00005776 0.00155940 0.00071232
0.00485147 0.00000000 0.00000000 0.00013476 0.00229097 0.00005776 0.00000000 0.00367711 0.00257975 0.00000000 0.00000000 0.00015401 0.00000000 0.00117436 0.00152090 0.00000000 0.00000000 0.00009626 0.00007701 0.00000000 0.00000000 0.00000000 0.00000000 0.00000000 0.00000000 0.00155940 0.00080858
0.00007701 0.00000000 0.00005776 0.00000000 0.00011551 0.00000000 0.00000000 0.00000000 0.00011551 0.00000000 0.00000000 0.00000000 0.00000000 0.00000000 0.00000000 0.00005776 0.00000000 0.00000000 0.00000000 0.00030803 0.00000000 0.00000000 0.00000000 0.00000000 0.00000000 0.00007701 0.00007701
0.00003850 0.00003850 0.00000000 0.00000000 0.00053905 0.00000000 0.00000000 0.00000000 0.00034653 0.00000000 0.00000000 0.00001925 0.00003850 0.00000000 0.00273377 0.00000000 0.00000000 0.00000000 0.00013476 0.00019252 0.00000000 0.00000000 0.00000000 0.00000000 0.00000000 0.00637237 0.00327282
0.00001925 0.00000000 0.00000000 0.00000000 0.00036579 0.00000000 0.00000000 0.00000000 0.00011551 0.00000000 0.00000000 0.00005776 0.00000000 0.00000000 0.00000000 0.00000000 0.00000000 0.00000000 0.00000000 0.00000000 0.00000000 0.00000000 0.00000000 0.00000000 0.00005776 0.00000000 0.00000000
0.02285197 0.00514025 0.00604509 0.00525576 0.00227172 0.00525576 0.00381187 0.00976070 0.01110833 0.00071232 0.00157865 0.00502474 0.00542903 0.00331132 0.00952968 0.00331132 0.00125137 0.00309955 0.01601756 0.02733766 0.00165566 0.01120459 0.00000000 0.00231022 0.00001925 0.00831681 0.00683441
0.00105885 0.00042354 0.00048130 0.00030803 0.00460120 0.00026953 0.00021177 0.00050055 0.00286853 0.00001925 0.00001925 0.00063531 0.00055830 0.00057756 0.00113586 0.00038504 0.00000000 0.00073157 0.00184818 0.00229097 0.00005776 0.00130913 0.00000000 0.00050055 0.00000000 0.02396858 0.01674913
