0.01177267 0.00000000 0.00121786 0.00297700 0.00000000 0.00094723 0.00081191 0.00000000 0.00000000 0.00000000 0.00148850 0.00595399 0.00230041 0.01299053 0.00000000 0.00013532 0.00000000 0.00906631 0.00162382 0.00500677 0.00040595 0.00000000 0.00000000 0.00000000 0.00000000 0.00054127 0.00054127
0.00054127 0.00040595 0.00000000 0.00000000 0.00595399 0.00000000 0.00000000 0.00000000 0.00081191 0.00000000 0.00000000 0.00108254 0.00000000 0.00000000 0.00067659 0.00000000 0.00000000 0.00094723 0.00000000 0.00000000 0.00027064 0.00000000 0.00000000 0.00000000 0.00000000 0.00000000 0.00000000
0.00013532 0.00000000 0.00000000 0.00000000 0.00013532 0.00000000 0.00000000 0.00825440 0.00000000 0.00000000 0.00000000 0.00000000 0.00000000 0.00000000 0.00000000 0.00000000 0.00000000 0.00013532 0.00000000 0.00000000 0.00000000 0.00000000 0.00000000 0.00000000 0.00000000 0.00000000 0.00000000
0.00527740 0.00000000 0.00000000 0.00081191 0.02381597 0.00000000 0.00000000 0.00027064 0.00514208 0.00000000 0.00000000 0.00000000 0.00000000 0.00000000 0.00175913 0.00000000 0.00000000 0.00081191 0.00067659 0.00013532 0.00067659 0.00027064 0.00000000 0.00000000 0.00000000 0.00595399 0.00257104
0.00027064 0.00067659 0.00054127 0.00690122 0.01190798 0.00189445 0.00257104 0.00054127 0.00433018 0.00000000 0.00230041 0.01136671 0.00324763 0.04587280 0.00000000 0.00094723 0.00000000 0.01772666 0.00460081 0.00974290 0.00094723 0.00135318 0.00000000 0.00000000 0.00243572 0.02273342 0.00703654
0.00054127 0.00000000 0.00000000 0.00121786 0.00040595 0.00027064 0.00013532 0.00054127 0.00013532 0.00000000 0.00000000 0.00013532 0.00000000 0.00000000 0.00000000 0.00000000 0.00000000 0.00013532 0.00040595 0.00040595 0.00000000 0.00000000 0.00000000 0.00000000 0.00000000 0.00108254 0.00000000
0.00135318 0.00000000 0.00000000 0.00081191 0.01610284 0.00000000 0.00013532 0.00027064 0.00067659 0.00000000 0.00000000 0.00000000 0.00013532 0.00000000 0.00027064 0.00000000 0.00000000 0.00108254 0.00040595 0.00027064 0.00013532 0.00000000 0.00000000 0.00000000 0.00013532 0.00473613 0.00094723
0.00487145 0.00000000 0.00000000 0.00000000 0.01299053 0.00000000 0.00000000 0.00000000 0.00270636 0.00000000 0.00000000 0.00000000 0.00000000 0.00027064 0.00270636 0.00000000 0.00000000 0.00013532 0.00000000 0.00311231 0.00257104 0.00000000 0.00000000 0.00000000 0.00000000 0.00202977 0.00040595
0.00000000 0.00000000 0.00135318 0.00202977 0.01055480 0.00000000 0.00554804 0.00000000 0.00000000 0.01610284 0.00081191 0.00230041 0.00040595 0.00933694 0.00000000 0.00013532 0.00000000 0.00000000 0.00338295 0.00148850 0.00013532 0.00000000 0.00013532 0.00000000 0.00000000 0.00000000 0.00000000
0.00040595 0.00000000 0.00000000 0.00081191 0.00162382 0.00040595 0.00040595 0.00000000 0.00000000 0.00000000 0.00392422 0.00000000 0.00013532 0.00324763 0.00148850 0.00000000 0.00000000 0.00000000 0.00013532 0.00013532 0.00000000 0.00000000 0.00000000 0.00000000 0.00027064 0.00568336 0.00081191
0.00067659 0.00000000 0.00000000 0.00000000 0.00500677 0.00000000 0.00000000 0.00081191 0.00067659 0.00000000 0.00121786 0.00013532 0.00000000 0.00000000 0.00121786 0.00000000 0.00000000 0.00040595 0.00040595 0.00108254 0.00013532 0.00040595 0.00000000 0.00000000 0.00013532 0.00392422 0.00054127
0.00324763 0.00013532 0.00000000 0.00297700 0.00730717 0.00027064 0.00013532 0.00000000 0.00866035 0.00000000 0.00054127 0.00297700 0.00027064 0.00000000 0.00108254 0.00013532 0.00000000 0.00000000 0.00148850 0.00054127 0.00094723 0.00000000 0.00000000 0.00000000 0.00000000 0.00405954 0.00000000
0.00446549 0.00000000 0.00000000 0.00040595 0.00798376 0.00000000 0.00000000 0.00013532 0.00148850 0.00000000 0.00000000 0.00000000 0.00013532 0.00000000 0.00284168 0.00000000 0.00000000 0.00000000 0.00027064 0.00013532 0.00013532 0.00000000 0.00000000 0.00027064 0.00000000 0.00311231 0.00054127
0.00230041 0.00054127 0.00013532 0.00568336 0.00311231 0.00000000 0.00473613 0.00067659 0.00243572 0.00000000 0.00094723 0.00040595 0.00027064 0.00202977 0.00175913 0.00000000 0.00000000 0.00000000 0.00284168 0.00230041 0.00040595 0.00027064 0.00000000 0.00000000 0.00013532 0.04479026 0.00960758
0.00013532 0.00000000 0.00081191 0.00067659 0.00690122 0.00081191 0.00162382 0.00027064 0.00040595 0.00000000 0.00135318 0.00175913 0.00189445 0.00527740 0.01096076 0.00175913 0.00000000 0.00527740 0.00094723 0.00189445 0.00243572 0.00013532 0.00000000 0.00000000 0.00013532 0.00121786 0.00121786
0.00027064 0.00000000 0.00000000 0.00013532 0.00054127 0.00000000 0.00040595 0.00000000 0.00013532 0.00000000 0.00000000 0.00081191 0.00000000 0.00000000 0.00040595 0.00013532 0.00000000 0.00067659 0.00013532 0.00067659 0.00000000 0.00000000 0.00000000 0.00000000 0.00013532 0.00081191 0.00013532
0.00000000 0.00000000 0.00000000 0.00000000 0.00000000 0.00000000 0.00000000 0.00000000 0.00000000 0.00000000 0.00000000 0.00000000 0.00000000 0.00000000 0.00000000 0.00000000 0.00000000 0.00000000 0.00000000 0.00000000 0.00000000 0.00000000 0.00000000 0.00000000 0.00000000 0.00000000 0.00000000
0.00162382 0.00040595 0.00081191 0.00460081 0.00446549 0.00000000 0.00108254 0.00054127 0.00473613 0.00000000 0.00054127 0.00148850 0.00040595 0.00000000 0.00338295 0.00000000 0.00000000 0.00000000 0.00121786 0.00148850 0.00162382 0.00027064 0.00000000 0.00000000 0.00040595 0.01312585 0.00148850
0.00081191 0.00000000 0.00324763 0.00000000 0.00108254 0.00000000 0.00040595 0.00040595 0.00000000 0.00081191 0.00000000 0.00094723 0.00027064 0.00000000 0.00040595 0.00081191 0.00000000 0.00000000 0.00081191 0.00568336 0.00013532 0.00013532 0.00000000 0.00013532 0.00000000 0.00676590 0.00216509
0.00175913 0.00027064 0.00000000 0.00013532 0.01123139 0.00000000 0.00013532 0.00027064 0.00202977 0.00054127 0.00000000 0.00000000 0.00027064 0.00000000 0.00243572 0.00000000 0.00000000 0.00121786 0.00094723 0.00054127 0.00067659 0.00040595 0.00000000 0.00000000 0.00013532 0.01664411 0.00257104
0.00000000 0.00000000 0.00040595 0.00121786 0.00000000 0.00000000 0.00040595 0.00000000 0.00243572 0.00000000 0.00121786 0.00067659 0.00000000 0.00162382 0.00000000 0.00000000 0.00000000 0.00202977 0.00108254 0.00013532 0.00054127 0.00121786 0.00013532 0.00000000 0.00000000 0.00040595 0.00000000
0.00514208 0.00000000 0.00000000 0.00027064 0.00487145 0.00000000 0.00000000 0.00000000 0.00162382 0.00000000 0.00000000 0.00000000 0.00000000 0.00000000 0.00135318 0.00000000 0.00000000 0.00000000 0.00000000 0.00000000 0.00013532 0.00000000 0.00000000 0.00000000 0.00000000 0.00040595 0.00000000
0.00000000 0.00000000 0.00000000 0.00000000 0.00013532 0.00000000 0.00000000 0.00000000 0.00000000 0.00000000 0.00000000 0.00000000 0.00000000 0.00000000 0.00000000 0.00000000 0.00000000 0.00000000 0.00000000 0.00000000 0.00000000 0.00000000 0.00000000 0.00000000 0.00000000 0.00013532 0.00000000
0.00000000 0.00000000 0.00000000 0.00000000 0.00000000 0.00000000 0.00000000 0.00000000 0.00000000 0.00000000 0.00000000 0.00000000 0.00000000 0.00000000 0.00000000 0.00000000 0.00000000 0.00000000 0.00000000 0.00000000 0.00000000 0.00000000 0.00000000 0.00000000 0.00000000 0.00027064 0.00013532
0.00094723 0.00000000 0.00000000 0.00000000 0.00216509 0.00000000 0.00000000 0.00000000 0.00811908 0.00000000 0.00000000 0.00000000 0.00000000 0.00000000 0.00392422 0.00000000 0.00000000 0.00000000 0.00000000 0.00000000 0.00054127 0.00013532 0.00000000 0.00000000 0.00000000 0.00000000 0.00013532
0.00703654 0.00811908 0.00013532 0.01623816 0.01393775 0.00081191 0.00893099 0.01867388 0.00581867 0.00175913 0.00243572 0.00392422 0.01177267 0.00433018 0.00649526 0.00135318 0.00000000 0.00202977 0.00311231 0.00744249 0.00040595 0.00906631 0.00000000 0.00000000 0.01190798 0.00000000 0.01393775
0.00419486 0.00013532 0.00000000 0.00013532 0.00771313 0.00000000 0.00000000 0.00000000 0.00121786 0.00000000 0.00000000 0.00067659 0.00013532 0.00040595 0.00460081 0.00000000 0.00000000 0.00202977 0.00054127 0.00000000 0.00027064 0.00013532 0.00000000 0.00000000 0.00000000 0.02124493 0.00663058
